000000000000000010000000000000000000000000000000000000000000000000000000000000000000
100000000000000010101011100100110111101011100010010010011011000100011000100000000001
000000000000000100000000000000000000000000000000000000000000000000000000000000000000
100000000000000100100101100011010111010011011100010000111010101100010010111110100000
100000000000000100100111100011110111011011011110010001011010110100010100111111000000
100000000000000100101001100100010111100011100000010001111010111100010110111111100000
100000000000000100101001100100010111100011100000010001111010111100010110111111100001
000000000000000110000000000000000000000000000000000000000000000000000000000000000000
100000000000000110111011101000110000101011110010010110011100000100101000100100000000
100000000000000110111011101000110000101011110010010110011100000100101000100100000001
000000000000001000000000000000000000000000000000000000000000000000000000000000000000
100000000000001001000011101010110001001011111010011000011100100100110000100110000000
100000000000001001000101101011010001010011111100011000111100101100110010100110100000
100000000000001001000111101011110001011011111110011001011100110100110100100111000000
100000000000001001000111101011110001011011111110011001011100110100110100100111000001
000000000000001010000000000000000000000000000000000000000000000000000000000000000000
000000000000001100000000000000000000000000000000000000000000000000000000000000000100
100000000000001101111011111000110100101010110010000110011000000101101000110100000101
000000000000001110000000000000000000000000000000000000000000000000000000000000000100
100000000000001110001011111100110101101011000010001010011001000101111000111000000001
000000000000000010000000000000000000000000000000000000000000000000000000000000000000
100000000000000010010011111110110110001011001010001100011001100100000000111010000001
000000000000000000000000000000000000000000000000000000000000000000000000000000000000
100000000000000000101011100100110111101011100010010010011011000100011000100000000001
000000000000000000000000000000000000000000000000000000000000000000000000000000000000
100000000000000000101011100100110111101011100010010010011011000100011000100000000001
000000000000000000000000000000000000000000000000000000000000000000000000000000000000
100000000000000000101001100100010111100011100000010001111010111100010110111111100001
000000000000000000000000000000000000000000000000000000000000000000000000000000000000
100000000000000000101001100100010111100011100000010001111010111100010110111111100001
000000000000000000000000000000000000000000000000000000000000000000000000000000000000
100000000000000000101001100100010111100011100000010001111010111100010110111111100001
000000000000000000000000000000000000000000000000000000000000000000000000000000000000
100000000000000000101011100100110111101011100010010010011011000100011000100000000001
000000000000000000000000000000000000000000000000000000000000000000000000000000000000
100000000000000000101011100100110111101011100010010010011011000100011000100000000001
000000000000000000000000000000000000000000000000000000000000000000000000000000000000
100000000000000000101011100100110111101011100010010010011011000100011000100000000001
000000000000000000000000000000000000000000000000000000000000000000000000000000000000
100000000000000000101011100100110111101011100010010010011011000100011000100000000001
000000000000000000000000000000000000000000000000000000000000000000000000000000000000
100000000000000000101011100100110111101011100010010010011011000100011000100000000001
000000000000000000000000000000000000000000000000000000000000000000000000000000000000
100000000000000000101011100100110111101011100010010010011011000100011000100000000001
000000000000000000000000000000000000000000000000000000000000000000000000000000000000
100000000000000000101011100100110111101011100010010010011011000100011000100000000001
000000000000000000000000000000000000000000000000000000000000000000000000000000000000
100000000000000000101011100100110111101011100010010010011011000100011000100000000001
000000000000000010000000000000000000000000000000000000000000000000000000000000000000
100000000000000010101011100100110111101011100010010010011011000100011000100000000001
001111111111111110000000000000000000000000000000000000000000000000000000000000000000
101111111111111110101011100100110111101011100010010010011011000100011000100000000001
011111111111111100000000000000000000000000000000000000000000000000000000000000000000
111111111111111100101011100100110111101011100010010010011011000100011000100000000001
011111111111111110000000000000000000000000000000000000000000000000000000000000000000
111111111111111110101011100100110111101011100010010010011011000100011000100000000001
000000000000000000000000000000000000000000000000000000000000000000000000000000000000
100000000000000000101011100100110111101011100010010010011011000100011000100000000001
000000000000000000000000000000000000000000000000000000000000000000000000000000000000
100000000000000000101011100100110111101011100010010010011011000100011000100000000001
000000000000000000000000000000000000000000000000000000000000000000000000000000000000
100000000000000000101011100100110111101011100010010010011011000100011000100000000001
000000000000000000000000000000000000000000000000000000000000000000000000000000000000
100000000000000000101011100100110111101011100010010010011011000100011000100000000001
000000000000000000000000000000000000000000000000000000000000000000000000000000000000
100000000000000000101011100100110111101011100010010010011011000100011000100000000001
000000000000000000000000000000000000000000000000000000000000000000000000000000000000
100000000000000000101011100100110111101011100010010010011011000100011000100000000001
000000000000000000000000000000000000000000000000000000000000000000000000000000000000
100000000000000000101011100100110111101011100010010010011011000100011000100000000001
011111111111111110000000000000000000000000000000000000000000000000000000000000000000
111111111111111110101001100100010111100011100000010001111010111100010110111111100001
011111111111111110000000000000000000000000000000000000000000000000000000000000000000
111111111111111110101011100100110111101011100010010010011011000100011000100000000001
011111111111111110000000000000000000000000000000000000000000000000000000000000000000
111111111111111110101011100100110111101011100010010010011011000100011000100000000001
011111111111111110000000000000000000000000000000000000000000000000000000000000000000
111111111111111110101001100100010111100011100000010001111010111100010110111111100001
011111111111111110000000000000000000000000000000000000000000000000000000000000000000
111111111111111110101001100100010111100011100000010001111010111100010110111111100001
011111111111111110000000000000000000000000000000000000000000000000000000000000000000
111111111111111110101001100100010111100011100000010001111010111100010110111111100001
011111111111111110000000000000000000000000000000000000000000000000000000000000000000
111111111111111110101001100100010111100011100000010001111010111100010110111111100001
011111111111111110000000000000000000000000000000000000000000000000000000000000000000
111111111111111110101001100100010111100011100000010001111010111100010110111111100001
011111111111111110000000000000000000000000000000000000000000000000000000000000000000
111111111111111110101001100100010111100011100000010001111010111100010110111111100001
011111111111111110000000000000000000000000000000000000000000000000000000000000000000
111111111111111110101001100100010111100011100000010001111010111100010110111111100001
011111111111111110000000000000000000000000000000000000000000000000000000000000000000
111111111111111110101001100100010111100011100000010001111010111100010110111111100001
011111111111111110000000000000000000000000000000000000000000000000000000000000000000
111111111111111110101001100100010111100011100000010001111010111100010110111111100001
011111111111111110000000000000000000000000000000000000000000000000000000000000000000
111111111111111110101001100100010111100011100000010001111010111100010110111111100001
000000000000000000000000000000000000000000000000000000000000000000000000000000000000
100000000000000000101001100100010111100011100000010001111010111100010110111111100001
000000000000000010000000000000000000000000000000000000000000000000000000000000000000
100000000000000010101001100100010111100011100000010001111010111100010110111111100001
001111111111111110000000000000000000000000000000000000000000000000000000000000000000
101111111111111110101001100100010111100011100000010001111010111100010110111111100001
011111111111111100000000000000000000000000000000000000000000000000000000000000000000
111111111111111100101001100100010111100011100000010001111010111100010110111111100001
011111111111111110000000000000000000000000000000000000000000000000000000000000000000
111111111111111110101001100100010111100011100000010001111010111100010110111111100001
011111111111111110000000000000000000000000000000000000000000000000000000000000000000
111111111111111110101001100100010111100011100000010001111010111100010110111111100001
011111111111111110000000000000000000000000000000000000000000000000000000000000000000
111111111111111110101001100100010111100011100000010001111010111100010110111111100001
011111111111111110000000000000000000000000000000000000000000000000000000000000000000
111111111111111110101001100100010111100011100000010001111010111100010110111111100001
011111111111111110000000000000000000000000000000000000000000000000000000000000000000
111111111111111110101001100100010111100011100000010001111010111100010110111111100001
011111111111111110000000000000000000000000000000000000000000000000000000000000000000
111111111111111110101001100100010111100011100000010001111010111100010110111111100001
011111111111111110000000000000000000000000000000000000000000000000000000000000000000
111111111111111110101001100100010111100011100000010001111010111100010110111111100001
000000110111100010000000000000000000000000000000000000000000000000000000000000000000
100000110111100011001111101101110001111010000110011011011101010100111100101001000001
010111000100011010000000000000000000000000000000000000000000000000000000000000000000
110111000100011011010001101110010010000010001000011011111101011100111110101001100001
010110001011110000000000000000000000000000000000000000000000000000000000000000000000
110110001011110000101001100100010111100011100000010001111010111100010110111111100001
001010100000001000000000000000000000000000000000000000000000000000000000000000000000
101010100000001001110111110111110100011010101110000101011111110101100100110011000001
001111110000000110000000000000000000000000000000000000000000000000000000000000000000
101111110000000110011001100000010110100011010000001101111001111100000110111011100001
001101010110101110000000000000000000000000000000000000000000000000000000000000000000
101101010110101110110111100111110000011011101110010101011011110100100100100011000001
001101000111111110000000000000000000000000000000000000000000000000000000000000000000
101101000111111110011001100000010110100011010000001101111001111100000110111011100001
011010100110101000000000000000000000000000000000000000000000000000000000000000000000
111010100110101001010101101111010010010010001100011100111101101101000010101010100001
010100011001110000000000000000000000000000000000000000000000000000000000000000000000
110100011001110000011111100001110110111011010110001111011010010100001100111101000001
011010010110110000000000000000000000000000000000000000000000000000000000000000000000
111010010110110000001011111100110101101011000010001010011001000101111000111000000001
000011001011010110000000000000000000000000000000000000000000000000000000000000000000
100011001011010110100101100011010111010011011100010000111010101100010010111110100001
001111010111100100000000000000000000000000000000000000000000000000000000000000000000
101111010111100100000101111011010101010010111100001000111000101101110010110110100001
001101000001001100000000000000000000000000000000000000000000000000000000000000000000
101101000001001100101111100101110111111011100110010011011011010100011100100001000001
000101110010110100000000000000000000000000000000000000000000000000000000000000000000
100101110010110101010101101111010010010010001100011100111101101101000010101010100001
010100110101011000000000000000000000000000000000000000000000000000000000000000000000
110100110101011000111001101000010000100011110000010101111011111100100110100011100001
010111111011101100000000000000000000000000000000000000000000000000000000000000000000
110111111011101100010101111111010110010011001100001100111001101100000010111010100001
