0100000000000000000000000000000000000
1110010011011000100011000100000000001
0000000000000000000000000000000000000
1010000011010100100010000111110000000
1010000111010101100010010111110100000
1010001011010110100010100111111000000
1010001111010111100010110111111100001
0100000000000000000000000000000000000
1110110011100000100101000100100000000
1110110011100000100101000100100000001
0000000000000000000000000000000000000
1011001111100111100110110100111100000
1011000011100100100110000100110000000
1011000111100101100110010100110100000
1011001011100110100110100100111000001
0100000000000000000000000000000000000
0000000000000000000000000000000000100
1000110011000000101101000110100000101
0100000000000000000000000000000000100
1101010011001000101111000111000000101
0100000000000000000000000000000000000
1101100011001100100000000111010000001
0000000000000000000000000000000000000
1010010011011000100011000100000000001
0000000000000000000000000000000000000
1010010011011000100011000100000000001
0000000000000000000000000000000000000
1010001111010111100010110111111100001
0000000000000000000000000000000000000
1010001111010111100010110111111100001
0000000000000000000000000000000000000
1010001111010111100010110111111100001
0000000000000000000000000000000000000
1010010011011000100011000100000000001
0000000000000000000000000000000000000
1010010011011000100011000100000000001
0000000000000000000000000000000000000
1010010011011000100011000100000000001
0000000000000000000000000000000000000
1010010011011000100011000100000000001
0000000000000000000000000000000000000
1010010011011000100011000100000000001
0000000000000000000000000000000000000
1010010011011000100011000100000000001
0000000000000000000000000000000000000
1010010011011000100011000100000000001
0000000000000000000000000000000000000
1010010011011000100011000100000000001
0100000000000000000000000000000000000
1110010011011000100011000100000000001
0000000000000000000000000000000000000
1010010011011000100011000100000000001
0000000000000000000000000000000000000
1010010011011000100011000100000000001
0000000000000000000000000000000000000
1010010011011000100011000100000000001
0000000000000000000000000000000000000
1010010011011000100011000100000000001
0000000000000000000000000000000000000
1010010011011000100011000100000000001
0000000000000000000000000000000000000
1010010011011000100011000100000000001
0000000000000000000000000000000000000
1010010011011000100011000100000000001
0100000000000000000000000000000000000
1110001111010111100010110111111100001
0100000000000000000000000000000000000
1110010011011000100011000100000000001
0100000000000000000000000000000000000
1110010011011000100011000100000000001
0100000000000000000000000000000000000
1110001111010111100010110111111100001
0100000000000000000000000000000000000
1110001111010111100010110111111100001
0100000000000000000000000000000000000
1110001111010111100010110111111100001
0100000000000000000000000000000000000
1110001111010111100010110111111100001
0100000000000000000000000000000000000
1110001111010111100010110111111100001
0100000000000000000000000000000000000
1110001111010111100010110111111100001
0100000000000000000000000000000000000
1110001111010111100010110111111100001
0100000000000000000000000000000000000
1110001111010111100010110111111100001
0100000000000000000000000000000000000
1110001111010111100010110111111100001
0100000000000000000000000000000000000
1110001111010111100010110111111100001
0000000000000000000000000000000000000
1010001111010111100010110111111100001
0100000000000000000000000000000000000
1110001111010111100010110111111100001
0100000000000000000000000000000000000
1110001111010111100010110111111100001
0100000000000000000000000000000000000
1110001111010111100010110111111100001
0100000000000000000000000000000000000
1110001111010111100010110111111100001
0100000000000000000000000000000000000
1110001111010111100010110111111100001
0100000000000000000000000000000000000
1110001111010111100010110111111100001
0100000000000000000000000000000000000
1110001111010111100010110111111100001
0100000000000000000000000000000000000
1110010111011001100011010100000100001
0100000000000000000000000000000000000
1111001011100110100110100100111000001
0100000000000000000000000000000000000
1110010011011000100011000100000000001
0000000000000000000000000000000000000
1010111011100010100101100100101000001
0000000000000000000000000000000000000
1000001111110111101010110101111100001
0100000000000000000000000000000000000
1110110011100000100101000100100000001
0100000000000000000000000000000000000
1110101111011111100100110100011100001
0100000000000000000000000000000000000
1100011011111010101011100110001000001
0100000000000000000000000000000000000
1110011011011010100011100100001000001
0100000000000000000000000000000000000
1111010011101000100111000101000000001
0100000000000000000000000000000000000
1111101111101111101000110101011100001
0100000000000000000000000000000000000
1110000011010100100010000111110000001
0100000000000000000000000000000000000
1110101011011110100100100100011000001
0000000000000000000000000000000000000
1011000111100101100110010100110100001
0000000000000000000000000000000000000
1001011011001010101111100111001000001
0100000000000000000000000000000000000
1111000111100101100110010100110100001
0000000000000000000000000000000000000
1001010011001000101111000111000000001
0000000000000000000000000000000000000
1011011111101011100111110101001100001
0100000000000000000000000000000000000
1110101111011111100100110100011100001
0000000000000000000000000000000000000
1011010111101001100111010101000100001
0000000000000000000000000000000000000
1000010011111000101011000110000000001
0000000000000000000000000000000000000
1001001011000110101110100110111000001
