000010000000000000000000000000000000000000000000000000000000000000000000
100010101011100100110111101011100010010010011011000100011000100000000001
000100000000000000000000000000000000000000000000000000000000000000000000
100100100011100010110111001011011010010000011010100100010000111110000000
100100100101100011010111010011011100010000111010101100010010111110100000
100100100111100011110111011011011110010001011010110100010100111111000000
100100101001100100010111100011100000010001111010111100010110111111100001
000110000000000000000000000000000000000000000000000000000000000000000000
100110111011101000110000101011110010010110011100000100101000100100000000
100110111011101000110000101011110010010110011100000100101000100100000001
001000000000000000000000000000000000000000000000000000000000000000000000
101001001001101100010001100010000000011001111100111100110110100111100000
101001000011101010110001001011111010011000011100100100110000100110000000
101001000101101011010001010011111100011000111100101100110010100110100000
101001000111101011110001011011111110011001011100110100110100100111000001
001010000000000000000000000000000000000000000000000000000000000000000000
001100000000000000000000000000000000000000000000000000000000000000000100
101101111011111000110100101010110010000110011000000101101000110100000101
001110000000000000000000000000000000000000000000000000000000000000000100
101110001011111100110101101011000010001010011001000101111000111000000101
000010000000000000000000000000000000000000000000000000000000000000000000
100010010011111110110110001011001010001100011001100100000000111010000001
000000000000000000000000000000000000000000000000000000000000000000000000
100000101011100100110111101011100010010010011011000100011000100000000001
000000000000000000000000000000000000000000000000000000000000000000000000
100000101011100100110111101011100010010010011011000100011000100000000001
000000000000000000000000000000000000000000000000000000000000000000000000
100000101001100100010111100011100000010001111010111100010110111111100001
000000000000000000000000000000000000000000000000000000000000000000000000
100000101001100100010111100011100000010001111010111100010110111111100001
000000000000000000000000000000000000000000000000000000000000000000000000
100000101001100100010111100011100000010001111010111100010110111111100001
000000000000000000000000000000000000000000000000000000000000000000000000
100000101011100100110111101011100010010010011011000100011000100000000001
000000000000000000000000000000000000000000000000000000000000000000000000
100000101011100100110111101011100010010010011011000100011000100000000001
000000000000000000000000000000000000000000000000000000000000000000000000
100000101011100100110111101011100010010010011011000100011000100000000001
000000000000000000000000000000000000000000000000000000000000000000000000
100000101011100100110111101011100010010010011011000100011000100000000001
000000000000000000000000000000000000000000000000000000000000000000000000
100000101011100100110111101011100010010010011011000100011000100000000001
000000000000000000000000000000000000000000000000000000000000000000000000
100000101011100100110111101011100010010010011011000100011000100000000001
000000000000000000000000000000000000000000000000000000000000000000000000
100000101011100100110111101011100010010010011011000100011000100000000001
000000000000000000000000000000000000000000000000000000000000000000000000
100000101011100100110111101011100010010010011011000100011000100000000001
000010000000000000000000000000000000000000000000000000000000000000000000
100010101011100100110111101011100010010010011011000100011000100000000001
001110000000000000000000000000000000000000000000000000000000000000000000
101110101011100100110111101011100010010010011011000100011000100000000001
011100000000000000000000000000000000000000000000000000000000000000000000
111100101011100100110111101011100010010010011011000100011000100000000001
011110000000000000000000000000000000000000000000000000000000000000000000
111110101011100100110111101011100010010010011011000100011000100000000001
000000000000000000000000000000000000000000000000000000000000000000000000
100000101011100100110111101011100010010010011011000100011000100000000001
000000000000000000000000000000000000000000000000000000000000000000000000
100000101011100100110111101011100010010010011011000100011000100000000001
000000000000000000000000000000000000000000000000000000000000000000000000
100000101011100100110111101011100010010010011011000100011000100000000001
000000000000000000000000000000000000000000000000000000000000000000000000
100000101011100100110111101011100010010010011011000100011000100000000001
000000000000000000000000000000000000000000000000000000000000000000000000
100000101011100100110111101011100010010010011011000100011000100000000001
000000000000000000000000000000000000000000000000000000000000000000000000
100000101011100100110111101011100010010010011011000100011000100000000001
000000000000000000000000000000000000000000000000000000000000000000000000
100000101011100100110111101011100010010010011011000100011000100000000001
011110000000000000000000000000000000000000000000000000000000000000000000
111110101001100100010111100011100000010001111010111100010110111111100001
011110000000000000000000000000000000000000000000000000000000000000000000
111110101011100100110111101011100010010010011011000100011000100000000001
011110000000000000000000000000000000000000000000000000000000000000000000
111110101011100100110111101011100010010010011011000100011000100000000001
011110000000000000000000000000000000000000000000000000000000000000000000
111110101001100100010111100011100000010001111010111100010110111111100001
011110000000000000000000000000000000000000000000000000000000000000000000
111110101001100100010111100011100000010001111010111100010110111111100001
011110000000000000000000000000000000000000000000000000000000000000000000
111110101001100100010111100011100000010001111010111100010110111111100001
011110000000000000000000000000000000000000000000000000000000000000000000
111110101001100100010111100011100000010001111010111100010110111111100001
011110000000000000000000000000000000000000000000000000000000000000000000
111110101001100100010111100011100000010001111010111100010110111111100001
011110000000000000000000000000000000000000000000000000000000000000000000
111110101001100100010111100011100000010001111010111100010110111111100001
011110000000000000000000000000000000000000000000000000000000000000000000
111110101001100100010111100011100000010001111010111100010110111111100001
011110000000000000000000000000000000000000000000000000000000000000000000
111110101001100100010111100011100000010001111010111100010110111111100001
011110000000000000000000000000000000000000000000000000000000000000000000
111110101001100100010111100011100000010001111010111100010110111111100001
011110000000000000000000000000000000000000000000000000000000000000000000
111110101001100100010111100011100000010001111010111100010110111111100001
000000000000000000000000000000000000000000000000000000000000000000000000
100000101001100100010111100011100000010001111010111100010110111111100001
000010000000000000000000000000000000000000000000000000000000000000000000
100010101001100100010111100011100000010001111010111100010110111111100001
001110000000000000000000000000000000000000000000000000000000000000000000
101110101001100100010111100011100000010001111010111100010110111111100001
011100000000000000000000000000000000000000000000000000000000000000000000
111100101001100100010111100011100000010001111010111100010110111111100001
011110000000000000000000000000000000000000000000000000000000000000000000
111110101001100100010111100011100000010001111010111100010110111111100001
011110000000000000000000000000000000000000000000000000000000000000000000
111110101001100100010111100011100000010001111010111100010110111111100001
011110000000000000000000000000000000000000000000000000000000000000000000
111110101001100100010111100011100000010001111010111100010110111111100001
011110000000000000000000000000000000000000000000000000000000000000000000
111110101001100100010111100011100000010001111010111100010110111111100001
011110000000000000000000000000000000000000000000000000000000000000000000
111110101001100100010111100011100000010001111010111100010110111111100001
011110000000000000000000000000000000000000000000000000000000000000000000
111110101001100100010111100011100000010001111010111100010110111111100001
011110000000000000000000000000000000000000000000000000000000000000000000
111110101001100100010111100011100000010001111010111100010110111111100001
010010000000000000000000000000000000000000000000000000000000000000000000
110010010011111110110110001011001010001100011001100100000000111010000001
001100000000000000000000000000000000000000000000000000000000000000000000
101101001101101101010001110010000100011010111101001100111010101000100001
001010000000000000000000000000000000000000000000000000000000000000000000
101011010001101110010010000010001000011011111101011100111110101001100001
000000000000000000000000000000000000000000000000000000000000000000000000
100001011001110000010010100010010000011101111101111101000110101011100001
001000000000000000000000000000000000000000000000000000000000000000000000
101001001001101100010001100010000000011001111100111100110110100111100001
010010000000000000000000000000000000000000000000000000000000000000000000
110011000111101011110001011011111110011001011100110100110100100111000001
011010000000000000000000000000000000000000000000000000000000000000000000
111011001001101100010001100010000000011001111100111100110110100111100001
010000000000000000000000000000000000000000000000000000000000000000000000
110000110101100111010000010011101100010100111011101100100010100010100001
011000000000000000000000000000000000000000000000000000000000000000000000
111000000101111011010101010010111100001000111000101101110010110110100001
000100000000000000000000000000000000000000000000000000000000000000000000
100100101111100101110111111011100110010011011011010100011100100001000001
010100000000000000000000000000000000000000000000000000000000000000000000
110101011111110001110010111010010110011111011110010101001100101101000001
010000000000000000000000000000000000000000000000000000000000000000000000
110001111111111001110100111010110110000111011000010101101100110101000001
011000000000000000000000000000000000000000000000000000000000000000000000
111001001101101101010001110010000100011010111101001100111010101000100001
001000000000000000000000000000000000000000000000000000000000000000000000
101001100101110011010011010010011100000000111110101101010010101110100001
001010000000000000000000000000000000000000000000000000000000000000000000
101010100101100011010111010011011100010000111010101100010010111110100001
010100000000000000000000000000000000000000000000000000000000000000000000
110100110001100110010000000011101000010011111011011100011110100001100001
