00000000100000000000000000000000000000000000
10000000110010011011000100011000100000000001
00000001000000000000000000000000000000000000
10000001010000011010100100010000111110000000
10000001010000111010101100010010111110100000
10000001010001011010110100010100111111000000
10000001010001111010111100010110111111100001
00000001100000000000000000000000000000000000
10000001110110011100000100101000100100000000
10000001110110011100000100101000100100000001
00000010000000000000000000000000000000000000
10000010011001111100111100110110100111100000
10000010011000011100100100110000100110000000
10000010011000111100101100110010100110100000
10000010011001011100110100110100100111000001
00000010100000000000000000000000000000000000
00000011000000000000000000000000000000000100
10000011000110011000000101101000110100000101
00000011100000000000000000000000000000000100
10000011101010011001000101111000111000000101
00000000100000000000000000000000000000000000
10000000101100011001100100000000111010000001
00000000000000000000000000000000000000000000
10000000010010011011000100011000100000000001
00000000000000000000000000000000000000000000
10000000010010011011000100011000100000000001
00000000000000000000000000000000000000000000
10000000010001111010111100010110111111100001
00000000000000000000000000000000000000000000
10000000010001111010111100010110111111100001
00000000000000000000000000000000000000000000
10000000010001111010111100010110111111100001
00000000000000000000000000000000000000000000
10000000010010011011000100011000100000000001
00000000000000000000000000000000000000000000
10000000010010011011000100011000100000000001
00000000000000000000000000000000000000000000
10000000010010011011000100011000100000000001
00000000000000000000000000000000000000000000
10000000010010011011000100011000100000000001
00000000000000000000000000000000000000000000
10000000010010011011000100011000100000000001
00000000000000000000000000000000000000000000
10000000010010011011000100011000100000000001
00000000000000000000000000000000000000000000
10000000010010011011000100011000100000000001
00000000000000000000000000000000000000000000
10000000010010011011000100011000100000000001
00000000100000000000000000000000000000000000
10000000110010011011000100011000100000000001
00111111100000000000000000000000000000000000
10111111110010011011000100011000100000000001
01111111000000000000000000000000000000000000
11111111010010011011000100011000100000000001
01111111100000000000000000000000000000000000
11111111110010011011000100011000100000000001
00000000000000000000000000000000000000000000
10000000010010011011000100011000100000000001
00000000000000000000000000000000000000000000
10000000010010011011000100011000100000000001
00000000000000000000000000000000000000000000
10000000010010011011000100011000100000000001
00000000000000000000000000000000000000000000
10000000010010011011000100011000100000000001
00000000000000000000000000000000000000000000
10000000010010011011000100011000100000000001
00000000000000000000000000000000000000000000
10000000010010011011000100011000100000000001
00000000000000000000000000000000000000000000
10000000010010011011000100011000100000000001
01111111100000000000000000000000000000000000
11111111110001111010111100010110111111100001
01111111100000000000000000000000000000000000
11111111110010011011000100011000100000000001
01111111100000000000000000000000000000000000
11111111110010011011000100011000100000000001
01111111100000000000000000000000000000000000
11111111110001111010111100010110111111100001
01111111100000000000000000000000000000000000
11111111110001111010111100010110111111100001
01111111100000000000000000000000000000000000
11111111110001111010111100010110111111100001
01111111100000000000000000000000000000000000
11111111110001111010111100010110111111100001
01111111100000000000000000000000000000000000
11111111110001111010111100010110111111100001
01111111100000000000000000000000000000000000
11111111110001111010111100010110111111100001
01111111100000000000000000000000000000000000
11111111110001111010111100010110111111100001
01111111100000000000000000000000000000000000
11111111110001111010111100010110111111100001
01111111100000000000000000000000000000000000
11111111110001111010111100010110111111100001
01111111100000000000000000000000000000000000
11111111110001111010111100010110111111100001
00000000000000000000000000000000000000000000
10000000010001111010111100010110111111100001
00000000100000000000000000000000000000000000
10000000110001111010111100010110111111100001
00111111100000000000000000000000000000000000
10111111110001111010111100010110111111100001
01111111000000000000000000000000000000000000
11111111010001111010111100010110111111100001
01111111100000000000000000000000000000000000
11111111110001111010111100010110111111100001
01111111100000000000000000000000000000000000
11111111110001111010111100010110111111100001
01111111100000000000000000000000000000000000
11111111110001111010111100010110111111100001
01111111100000000000000000000000000000000000
11111111110001111010111100010110111111100001
01111111100000000000000000000000000000000000
11111111110001111010111100010110111111100001
01111111100000000000000000000000000000000000
11111111110001111010111100010110111111100001
01111111100000000000000000000000000000000000
11111111110001111010111100010110111111100001
01001010000000000000000000000000000000000000
11001010001100111001101100000010111010100001
00110000000000000000000000000000000000000000
10110000000011011111010101011100110001000001
00110110100000000000000000000000000000000000
10110110111001011100110100110100100111000001
01100001100000000000000000000000000000000000
11100001111110111110001101001010101100100001
00100110000000000000000000000000000000000000
10100110001101111001111100000110111011100001
00100101000000000000000000000000000000000000
10100101011100111101101101000010101010100001
01110010100000000000000000000000000000000000
11110010110000011010100100010000111110000001
00001001000000000000000000000000000000000000
10001001011110111110001101001010101100100001
00000100100000000000000000000000000000000000
10000100110111111100011100101110100101100001
01011001000000000000000000000000000000000000
11011001001101011001110100000100111011000001
00011010100000000000000000000000000000000000
10011010110101111011111100100110100011100001
00011101000000000000000000000000000000000000
10011101001000011000100101110000110110000001
01101010100000000000000000000000000000000000
11101010100001111110111101010110101111100001
01101011100000000000000000000000000000000000
11101011110000111010101100010010111110100001
01011100100000000000000000000000000000000000
11011100110111111100011100101110100101100001
00000010000000000000000000000000000000000000
10000010010111011100010100101100100101000001
