0000100000000000000000000000000000000000
1000110010011011000100011000100000000001
0001000000000000000000000000000000000000
1001010000011010100100010000111110000000
1001010000111010101100010010111110100000
1001010001011010110100010100111111000000
1001010001111010111100010110111111100001
0001100000000000000000000000000000000000
1001110110011100000100101000100100000000
1001110110011100000100101000100100000001
0010000000000000000000000000000000000000
1010011001111100111100110110100111100000
1010011000011100100100110000100110000000
1010011000111100101100110010100110100000
1010011001011100110100110100100111000001
0010100000000000000000000000000000000000
0011000000000000000000000000000000000100
1011000110011000000101101000110100000101
0011100000000000000000000000000000000100
1011101010011001000101111000111000000101
0000100000000000000000000000000000000000
1000101100011001100100000000111010000001
0000000000000000000000000000000000000000
1000010010011011000100011000100000000001
0000000000000000000000000000000000000000
1000010010011011000100011000100000000001
0000000000000000000000000000000000000000
1000010001111010111100010110111111100001
0000000000000000000000000000000000000000
1000010001111010111100010110111111100001
0000000000000000000000000000000000000000
1000010001111010111100010110111111100001
0000000000000000000000000000000000000000
1000010010011011000100011000100000000001
0000000000000000000000000000000000000000
1000010010011011000100011000100000000001
0000000000000000000000000000000000000000
1000010010011011000100011000100000000001
0000000000000000000000000000000000000000
1000010010011011000100011000100000000001
0000000000000000000000000000000000000000
1000010010011011000100011000100000000001
0000000000000000000000000000000000000000
1000010010011011000100011000100000000001
0000000000000000000000000000000000000000
1000010010011011000100011000100000000001
0000000000000000000000000000000000000000
1000010010011011000100011000100000000001
0000100000000000000000000000000000000000
1000110010011011000100011000100000000001
0011100000000000000000000000000000000000
1011110010011011000100011000100000000001
0111000000000000000000000000000000000000
1111010010011011000100011000100000000001
0111100000000000000000000000000000000000
1111110010011011000100011000100000000001
0000000000000000000000000000000000000000
1000010010011011000100011000100000000001
0000000000000000000000000000000000000000
1000010010011011000100011000100000000001
0000000000000000000000000000000000000000
1000010010011011000100011000100000000001
0000000000000000000000000000000000000000
1000010010011011000100011000100000000001
0000000000000000000000000000000000000000
1000010010011011000100011000100000000001
0000000000000000000000000000000000000000
1000010010011011000100011000100000000001
0000000000000000000000000000000000000000
1000010010011011000100011000100000000001
0111100000000000000000000000000000000000
1111110001111010111100010110111111100001
0111100000000000000000000000000000000000
1111110010011011000100011000100000000001
0111100000000000000000000000000000000000
1111110010011011000100011000100000000001
0111100000000000000000000000000000000000
1111110001111010111100010110111111100001
0111100000000000000000000000000000000000
1111110001111010111100010110111111100001
0111100000000000000000000000000000000000
1111110001111010111100010110111111100001
0111100000000000000000000000000000000000
1111110001111010111100010110111111100001
0111100000000000000000000000000000000000
1111110001111010111100010110111111100001
0111100000000000000000000000000000000000
1111110001111010111100010110111111100001
0111100000000000000000000000000000000000
1111110001111010111100010110111111100001
0111100000000000000000000000000000000000
1111110001111010111100010110111111100001
0111100000000000000000000000000000000000
1111110001111010111100010110111111100001
0111100000000000000000000000000000000000
1111110001111010111100010110111111100001
0000000000000000000000000000000000000000
1000010001111010111100010110111111100001
0000100000000000000000000000000000000000
1000110001111010111100010110111111100001
0011100000000000000000000000000000000000
1011110001111010111100010110111111100001
0111000000000000000000000000000000000000
1111010001111010111100010110111111100001
0111100000000000000000000000000000000000
1111110001111010111100010110111111100001
0111100000000000000000000000000000000000
1111110001111010111100010110111111100001
0111100000000000000000000000000000000000
1111110001111010111100010110111111100001
0111100000000000000000000000000000000000
1111110001111010111100010110111111100001
0111100000000000000000000000000000000000
1111110001111010111100010110111111100001
0111100000000000000000000000000000000000
1111110001111010111100010110111111100001
0111100000000000000000000000000000000000
1111110001111010111100010110111111100001
0110100000000000000000000000000000000000
1110101011111001011101111110111001100001
0101100000000000000000000000000000000000
1101111001011100110100110100100111000001
0100000000000000000000000000000000000000
1100001100011001100100000000111010000001
0011000000000000000000000000000000000000
1011000101111111111101100110110011100001
0010100000000000000000000000000000000000
1010100001011110110101010100101111000001
0111100000000000000000000000000000000000
1111110111111100011100101110100101100001
0111000000000000000000000000000000000000
1111011001011100110100110100100111000001
0000100000000000000000000000000000000000
1000111101011101110101000100101011000001
0010000000000000000000000000000000000000
1010001010011001000101111000111000000001
0011100000000000000000000000000000000000
1011101111111010011100001110111101100001
0110000000000000000000000000000000000000
1110011010111101001100111010101000100001
0010100000000000000000000000000000000000
1010111101111101111101000110101011100001
0001000000000000000000000000000000000000
1001001000111000101101110010110110100001
0110000000000000000000000000000000000000
1110011011011101010100111100101001000001
0110100000000000000000000000000000000000
1110111011111101011100111110101001100001
0011000000000000000000000000000000000000
1011001001011000110101110100110111000001
