0000000000000001
0000000000000001
0000000000000001
1111111111111111
0000000000000000
0000000000000000
1111111111111111
0000000000000000
0000000000000001
0000000000000001
0000000000000000
0000000000000001
0000000000000010
0000000000000010
0000000000000001
0000000000000010
0000000000000011
0000000000000011
0000000000000010
0000000000000011
0000000000000100
0000000000000100
0000000000000100
0000000000000100
0000000000000100
0000000000000100
0000000000000100
0000000000000100
0000000000000100
0000000000000000
0000000000000000
0000000000000000
0000000000000000
0000000000000000
0000000000000000
0000000000000000
0000000000000000
0000000000000000
1111111111111111
0000000000000000
0000000000000000
0000000000000000
0000000000000000
0000000000000001
1111111111111111
0000000000000000
0000000000000000
0000000000000000
0000000000000000
1111111111111111
1111111111111111
1111111111111111
0000000000000000
0000000000000000
1111111110110010
0000000000000000
0000000000000000
0000000000000000
0000000000000000
0000000000000000
0000000000110100
0000000000000000
0000000000000000
0000000001100111
0000000000000000
0000000000000000
0000000000000000
1111111111100000
0000000000000000
0000000000110001
0000000000000000
0000000000000000
0000000000000000
0000000001000101
0000000001000101
0000000001000101
0000000000111110
0000000000111110
0000000000000000
0000000000000000
1111111111011110
1111111111011110
0000000000000000
0000000000000000
0000000000000000
0000000000000000
0000000000000000
0000000000000000
0000000000000000
0000000000000000
0000000001011101
0000000001101110
0000000000000000
0000000000000000
0000000000000000
0000000000000000
0000000000000000
0000000000000000
0000000000000000
0000000000000000
0000000000000000
1111111111000111
0000000000000000
1111111110011000
1111111110011000
0000000000000000
0000000000000000
0000000000000000
0000000000000000
0000000000000000
0000000000000000
0000000000000000
0000000000000000
0000000001110111
0000000000000000
0000000001100000
0000000001100010
0000000000000000
0000000000000000
0000000000000000
0000000000000000
0000000000000000
0000000000000000
0000000000000000
1111111111110001
0000000000000000
0000000000000000
0000000000000000
0000000000000000
1111111110110010
1111111101101001
0000000000000000
0000000000000000
1111111111111100
0000000000000000
0000000000000000
1111111111011100
1111111110001000
1111111110001000
0000000000000000
1111111110101000
0000000000000000
0000000000000000
0000000000000000
0000000000000000
0000000000000000
0000000000000000
0000000000110000
0000000001101001
0000000000000000
0000000000000000
0000000000000000
1111111111111010
0000000000000000
0000000000000000
0000000000000000
0000000000000000
1111111110100010
1111111111111011
1111111111111011
1111111110100001
1111111110100001
1111111110100001
1111111111101011
0000000000000000
0000000000000000
0000000000000000
0000000000000000
1111111110110100
0000000000000000
0000000000000000
0000000000000000
0000000000000000
0000000000000000
0000000000000000
0000000000100011
0000000000000000
0000000000000000
0000000000000000
0000000000000000
0000000000000000
0000000000000000
0000000000000000
1111111111110011
1111111111110011
0000000000000000
0000000000000000
0000000000000000
0000000000000000
0000000000000000
1111111111000100
0000000000000000
0000000000000000
0000000000000000
0000000000110110
0000000001100100
0000000010100101
0000000001101111
0000000000000000
0000000000000000
0000000001101000
0000000001101000
0000000000000000
0000000000000000
0000000000111011
0000000000000000
0000000001110010
0000000001110010
0000000000000000
0000000001000111
0000000000011101
0000000000000000
0000000001100101
0000000010110110
0000000011000101
0000000001000001
0000000000000000
0000000000111101
0000000001110100
0000000000000000
0000000000000000
0000000000000000
0000000000000000
0000000000110011
0000000000000000
0000000000010011
0000000000000000
0000000000000000
0000000000000000
0000000000000000
0000000000000000
0000000000000000
0000000000000000
0000000000000000
0000000000000000
0000000000000000
0000000000000000
0000000000000000
0000000000000000
0000000000000000
0000000000000000
0000000000000000
0000000000000000
1111111110000010
0000000000000000
0000000000000000
0000000000000000
0000000000000000
0000000000000000
1111111110000101
1111111100100011
0000000000000000
0000000000000000
0000000000000000
0000000000000000
1111111110110011
1111111110110011
0000000000000000
1111111111000100
1111111111000100
1111111111011101
0000000000000000
0000000000000000
0000000000010010
1111111111100011
0000000000000000
0000000000000000
0000000000000000
0000000000000000
0000000000000000
0000000000000000
0000000000000000
0000000001100011
0000000000000000
0000000000000000
0000000000000000
0000000000100001
0000000001110011
0000000000000000
0000000000000000
0000000000000000
0000000000000000
0000000000000000
0000000000000000
0000000000000000
0000000000011111
0000000000011111
0000000000000000
0000000000000000
0000000000000000
0000000000000000
0000000000000000
0000000000000000
0000000000000000
0000000000000000
0000000000000000
0000000000000000
1111111110100001
1111111110110110
1111111110001101
1111111101101001
1111111101101001
0000000000000000
0000000000000000
0000000000000000
0000000000000000
0000000000101111
0000000000101111
0000000000000000
1111111111110111
1111111111110111
1111111111110111
1111111110011111
1111111110011111
1111111110011111
1111111110011111
0000000000000000
0000000000000000
0000000000000000
0000000000000000
0000000000000000
0000000000000000
0000000000000000
0000000000000000
0000000000000000
0000000000000000
1111111110100000
1111111111001010
1111111111001010
0000000000000000
0000000001110010
0000000001110010
0000000000000000
0000000000000000
0000000001000110
1111111111100110
0000000001110110
0000000000000000
0000000000000000
0000000000000000
0000000000000000
0000000000000000
0000000000000000
0000000000000000
0000000000000000
0000000000001000
0000000000001000
0000000000000000
1111111110010001
1111111110010001
1111111110010001
1111111110010001
1111111101110000
1111111101110000
0000000000000000
0000000000000000
0000000000000000
0000000000000000
0000000000000000
0000000000000000
0000000000000000
0000000000000000
0000000000000000
0000000000000000
1111111111000111
0000000000000000
0000000000001101
0000000000000000
0000000001100110
0000000001100110
1111111111100010
1111111111100010
1111111111100010
1111111110001101
0000000000000000
0000000000000000
0000000000000000
0000000000000000
1111111111110010
1111111110010010
0000000000000000
0000000000000000
0000000000000000
0000000000000000
0000000000000000
0000000000000000
0000000000000000
0000000000000000
0000000000000000
1111111110111111
1111111101110111
1111111111101010
1111111111101010
0000000000100000
0000000000001110
0000000000001110
0000000000000000
1111111111000001
1111111111000001
0000000000000000
0000000000000000
1111111110000001
0000000000000000
0000000000000000
0000000000000101
0000000000000000
0000000000000000
0000000000000000
0000000000000000
0000000001010000
0000000000000000
0000000000000000
0000000000000000
0000000000000000
0000000000000000
0000000000000000
0000000000000000
0000000000000000
0000000000000000
0000000001010100
1111111110111100
0000000000000000
0000000000000000
1111111110101101
0000000000000000
0000000000011110
0000000000000000
0000000000000000
0000000000000000
0000000000000000
0000000000000000
1111111110101110
0000000000000000
0000000000000000
0000000000000000
0000000001110100
0000000000000000
0000000000000000
0000000000100110
0000000000000000
0000000001000101
0000000000000000
0000000000000000
1111111110101000
0000000000000000
0000000000000000
0000000000000000
0000000000110110
0000000000000000
0000000001011100
0000000000111110
0000000000000000
0000000000000000
0000000000000000
0000000000000000
0000000000000000
0000000000000000
1111111111001100
1111111101011100
1111111110101110
0000000000000000
0000000000000000
0000000000000000
0000000000000000
0000000000000000
0000000000000000
1111111110100001
0000000000000000
0000000000000000
0000000000000000
0000000000000000
0000000000000000
0000000001010001
0000000001010001
1111111110010100
1111111110010100
1111111110010100
0000000000000000
0000000000000000
0000000000000000
0000000000000000
0000000000000000
0000000000000000
0000000000000000
1111111111101110
0000000000000000
0000000000000000
0000000000000000
0000000000000000
0000000000000000
0000000000000000
0000000000000000
0000000000000000
0000000000000000
1111111111101111
0000000000000000
0000000000101101
0000000000000000
1111111111100001
1111111111100001
0000000001011001
0000000000000000
1111111111001000
0000000000000000
0000000000000000
0000000000000000
1111111111100100
0000000000000000
0000000000000000
0000000000000000
0000000000010111
0000000000000000
0000000000010110
0000000001010110
0000000000000000
0000000000000000
1111111110101111
0000000000101011
0000000001001111
0000000001001111
0000000000000000
0000000000000000
0000000000000000
1111111111100111
1111111111100111
1111111111100111
0000000000000000
0000000000000000
0000000000000000
0000000000000000
0000000001100000
0000000000100010
0000000000100111
0000000000000000
0000000000000000
