000000011101
000000001001
000000001000
111111111101
000000011100
000000001101
111111111100
000000011100
000000011100
000000001100
111111111100
000000011100
000000011100
000000001100
111111111100
000000011100
000000011100
000000001100
111111111100
000000011100
000000011100
000000001100
000000000000
000000010000
011111110000
111111100000
111111110000
000000001000
000000000100
000000000010
000000000001
111111111111
000000001111
000000011111
011111111111
111111101111
111111110111
111111111011
111111111101
111111111110
111111110001
111111110010
111111110011
111111110100
111111110101
111111110110
111111111000
111111111001
111111111010
111111111100
001111001001
111110111000
001110001010
111110111011
101100101101
001011011110
100111100111
110110000110
110110011111
111101010000
001101001101
011101010111
110011011111
011001111100
010011001110
100001011111
000100011110
111000001101
111101010111
001100010101
000001110010
011001010001
101101100011
010001010101
001010111001
110100101001
000001110100
101100011001
101001111110
111111101000
110111101100
110011000000
000110001010
010000100000
110001111110
110001001010
100001101111
111011110111
001111011000
000000100111
010111010101
011011100101
100010010010
110111110001
010111100110
100101011011
001000000111
000001110000
100111100011
111010010110
111011001011
110001111101
000011001110
100110001101
011001010000
001111000011
000011101011
010000000011
010010110001
111101011110
001011010011
101000100001
000111010011
011101111101
101101111111
011000000101
000000101100
001010111110
001100110010
110010011000
010010001111
000101010011
100100101010
000001001110
000011110100
000011100010
101111001000
010000000110
001001011110
101100101100
101101111100
001011001110
010101101111
111111001100
111011010111
110000110010
110111001101
100010001101
011101111001
100101101110
101010001101
011010111110
110011000011
010000101111
101011010000
100010011001
100011011000
001100000101
011010010101
010001000011
000101100011
101011111111
111110101101
010001000111
111011100111
100110110010
100110001011
101000101100
010110011100
000011101001
101001101100
010011100000
100011111001
101101100100
000110110011
000011101010
111011101010
000101001000
101101001100
011000010110
010101110010
101111100111
101110010111
001011100000
101101010000
110111010100
100010011110
111101001111
010001100001
111010011011
001010001110
001000111011
111101010010
000011010100
100000100000
101010110110
101001001010
101000001010
010111101001
110000111010
110001000101
011110111110
101101000010
001001100110
001101101100
011001000101
101111110100
011011110101
111011110010
100101010001
011010000101
100001000001
000110111011
001011000001
110001010100
011110010011
100011100100
101100000001
010011001010
010001110101
110101101100
100000010010
100110110100
101011110100
111100010100
010000010101
100000010110
110000110100
011101001101
100011001111
111001001111
010101100000
100101101010
001100110101
110010100111
000100110101
010000001110
100111010111
011100111111
011100000111
101110100110
001101100001
110010011010
101111110000
011011111011
001100101011
000000010010
111010111000
111110001000
101100010011
001100101000
111011011011
000111111110
100000100101
010101100011
110111100010
110100100111
100111110011
000100011111
100001010101
100111101100
000000000110
101011001111
001101101111
110000011011
101100111101
110100111001
000110110111
110001001100
011011110000
000110011100
100101000010
001110110001
000100100101
110100011100
110101001010
110010110011
111101001001
111011000010
100101110001
110001010110
000001011010
011000111101
001110000011
001111011111
011000010011
001000010101
011100111101
010011011110
011010101011
001001001111
010000110011
101000010010
100000011110
000101011111
000111111101
101100001001
111011100010
111100101010
100001110010
011010101010
001111100110
110010010010
100111011111
110111010011
101111000111
011110101001
010111110100
000101011100
100011011101
110111001100
100011110000
101001101011
000001101011
100011101001
100010001001
001011111100
001000110001
010000110010
000010010100
010011111000
101111111000
100111111101
011110101000
010111110000
000110011000
000000111010
111000100110
101011001000
001010010110
001011110110
101011011000
001000100010
010000011010
101111000001
111110100111
101000001101
110010100101
011001001001
001111001011
011100101100
000011000001
010011110010
110011100010
101110100100
111001100101
011101100101
101110101010
111011111000
110011100000
101100001010
000010100001
010000001111
101001000001
001111010010
111110000100
010101101001
110100000011
011011110100
011000110001
000000001001
010001101001
001000010100
010000100001
011010001111
000101111011
010101111111
010011011011
100010010011
100000101110
110010000110
100100011110
110100110111
011100000010
110001111100
100111000010
000011011100
110101111011
100110100100
011111111000
111000101101
001011010001
110100000000
010101010100
110110010110
100011011001
111000001111
011010110001
111100101100
100100100101
100110011110
101100110000
011011100001
110010101001
001011010000
100010111010
010000011000
111110011011
101000010001
101111111101
101110001100
111010101101
001110110000
001000001101
000011100101
110101110000
001110101111
110000010101
111110011000
000110010110
010101000011
011111110100
111110000011
101000110111
000001011101
101111011110
101001110111
001001101010
111111011011
010100001101
011010110010
100010110011
111010111110
110011100011
001001101001
000101111110
001101011011
100011111110
010101110001
101011000100
101111001101
110000011110
111110101111
101011011101
101110001011
000111101100
110010000111
001000101110
110100001000
000001100010
010001100011
101011100101
111110111111
111100110001
010110110001
100011000100
101001100110
110011101111
001001101100
011100100011
010001011100
010110001110
100101110011
010110000100
100110010010
011010010111
100100001011
110010100100
101110100010
010111001101
000111100100
101110000111
110110110110
011100010001
001000101111
101010001000
100010000000
110011001100
011100000100
101011100100
010010011110
101010001011
101000111000
111011010010
011000011000
111001011010
101000011101
001110100110
010010101001
111100010000
110001000110
010000111111
010100011101
000001011000
100101000101
001011011001
001101001001
101011011111
010011101010
101100010000
111001001000
110001110011
111101111111
111001110110
111011101100
100101000011
110101101001
011111101111
100011100111
100100000110
000001111110
001011110000
111100110011
010111000110
111011111100
111010000111
001011010101
101100111110
111000011101
000101000000
010110011101
111011000111
110010001101
111101110011
001100101001
100110111001
111001000101
010100101110
100110110111
110110001010
000101111101
110100010011
000101101101
010101100101
111111011110
100001101000
101011110101
001010111101
010011110101
000010001000
101001100111
101110110001
000101100111
111001111100
001001010000
011001100000
110111001111
001010010011
010100011001
101100110001
011000001100
110000101100
000001011100
010000111010
000000001100
